1675 790 0
1687 780 0
1699 770 -1
1712 760 -1
1726 750 0
1738 740 -1
1752 730 -1
1766 720 -1
1779 710 -1
1792 700 -1
1806 690 -1
1820 680 -1
1833 670 -1
1847 660 -1
1860 650 -1
1874 640 -1
1888 630 -1
1901 620 -1
1914 610 0
1926 600 -1
1941 590 -1
1954 580 -1
1967 570 -1
1981 560 0
1993 550 -1
2007 544 -1
2021 544 -1
2034 544 -1
2047 544 -1
2061 544 0
2074 544 0
2086 544 0
2098 544 -1
2112 544 0
2124 544 -1
2137 544 -1
2152 544 -1
2165 544 -1
2178 544 0
2191 544 -1
2204 544 -1
2218 544 0
2231 544 -1
2244 544 -1
2257 544 -1
2270 544 -2
2285 544 -1
2298 544 -1
2311 544 -1
2325 544 0
2337 544 -1
2351 544 0
2364 544 -1
2377 544 -1
2390 544 -1
2404 544 -1
2418 544 0
2430 544 0
2443 544 -1
2456 544 0
2468 544 -1
2482 544 0
2495 544 0
2507 544 -1
2520 544 -1
2534 544 -1
2548 544 -1
2561 544 0
2574 544 0
2586 544 0
2598 544 -1
2612 544 -1
2626 544 0
2638 544 0
2650 544 -1
2664 544 -1
2678 544 0
2690 544 -1
2704 544 0
2716 544 -1
2729 900 -1
2744 910 -1
2757 920 -1
2770 930 0
2785 940 0
2800 950 1
2813 960 0
2828 970 3
2843 980 6
2855 990 9
2867 1000 11
2883 1010 12
2898 1020 14
2913 1030 15
2927 1040 17
2942 1050 19
2957 1060 22
2971 1070 23
2985 1080 25
3000 1090 28
3015 1100 30
3029 1110 31
3044 1120 33
3058 1130 35
3073 1140 36
3088 1150 38
3102 1160 41
3116 1170 43
3133 1180 45
3148 1190 46
3162 1200 49
3177 1210 51
3191 1220 53
3206 1230 54
3221 1240 57
3235 1250 59
3249 1260 60
3264 1270 22
3279 1280 64
3293 1290 66
3308 1300 70
3321 1310 71
3335 1320 72
3351 1330 72
3365 1340 75
3380 1350 78
3395 1360 80
3410 1370 82
3425 1380 83
3439 1390 85
3453 1400 87
3468 1410 83
3483 1420 90
3497 1430 92
3512 1440 93
3526 1450 94
3541 1460 97
3556 1470 98
3570 1480 100
3585 1490 98
3600 1500 104
3616 1510 105
3631 1520 107
3647 1530 108
3662 1540 109
3678 1550 110
3694 1560 112
3709 1570 114
3724 1580 116
3740 1590 117
3755 1600 121
3771 1610 123
3786 1620 124
3801 1630 126
3818 1640 119
3833 1650 130
3848 1660 132
3864 1670 135
3880 1680 137
3896 1690 138
3911 1700 140
3926 1710 142
3943 1720 144
3958 1730 146
3973 1740 147
3989 1750 147
4002 1760 150
4018 1770 149
4033 1780 155
4048 1790 156
4061 1800 160
4078 1810 161
4093 1820 163
4109 1830 153
4124 1840 160
4138 1850 169
4154 1860 169
4169 1870 173
4183 1880 173
4199 1890 176
4215 1900 178
4230 1910 179
4246 1920 181
4261 1930 183
4278 1940 184
4293 1950 184
4308 1960 188
4324 1970 189
4340 1980 191
4355 1990 192
4371 2000 194
4386 2010 196
4401 2020 198
4418 2030 198
4432 2040 199
4448 2050 202
4463 2060 204
4479 2070 205
4495 2080 207
4510 2090 208
4525 2100 211
4542 2100 212
4557 2090 214
4572 2080 216
4588 2070 216
4603 2060 216
4619 2050 215
4633 2040 216
4648 2030 215
4664 2020 213
4680 2010 210
4694 2000 209
4710 1990 206
4725 1980 205
4741 1970 203
4757 1960 201
4772 1950 199
4786 1940 196
4803 1930 197
4818 1920 196
4834 1910 194
4849 1900 192
4864 1890 191
4881 1880 189
4896 1870 188
4911 1860 185
4927 1850 170
4943 1840 183
4958 1830 181
4974 1820 179
4989 1810 177
5006 1800 175
5021 1790 173
5036 1780 171
5052 1770 170
5067 1760 168
5083 1750 166
5099 1740 164
5114 1730 162
5129 1720 147
5146 1710 158
5161 1700 156
5175 1690 155
5190 1680 152
5206 1670 151
5222 1660 150
5236 1650 147
5251 1640 146
5267 1630 143
5283 1620 141
5298 1610 139
5314 1600 136
5329 1590 135
5346 1580 133
5361 1570 130
5376 1560 128
5392 1550 127
5408 1540 125
5423 1530 124
5439 1520 122
5454 1510 120
5470 1500 117
5486 1490 115
5501 1480 113
5517 1470 111
5532 1460 110
5548 1450 108
5564 1440 106
5579 1430 105
5594 1420 104
5611 1410 100
5626 1400 100
5641 1390 98
5656 1380 96
5671 1370 96
5686 1360 87
5700 1350 82
5714 1340 87
5730 1330 87
5745 1320 88
5759 1310 85
5774 1300 84
5788 1290 70
5803 1280 81
5818 1270 78
5832 1260 77
5846 1250 75
5861 1240 74
5876 1230 72
5890 1220 70
5905 1210 66
5919 1200 67
5934 1190 65
5949 1180 62
5963 1170 60
5977 1160 59
5992 1150 57
6007 1140 55
6022 1130 53
6037 1120 51
6051 1110 49
6065 1100 48
6081 1090 46
6095 1080 44
6109 1070 37
6124 1060 40
6139 1050 37
6153 1040 36
6168 1030 34
6182 1020 32
6196 1010 30
6212 1000 28
6226 990 20
6298 940 18
6311 930 16
6324 920 15
6339 910 11
6352 900 9
6364 890 8
6377 880 7
6389 870 5
6402 860 5
6415 850 4
6427 840 3
6439 830 2
6451 820 1
6464 810 1
6477 800 0
6489 790 -1
6503 780 0
6515 770 -2
6528 760 -1
6543 750 -1
6556 740 -2
6569 730 -1
6583 720 0
6595 710 -1
6609 700 0
6621 690 -1
6635 680 -1
6648 670 0
6660 660 -1
6675 650 0
6687 640 -1
6700 630 -1
6714 620 -1
6727 610 -1