7262 544 0
7276 544 -1
7289 544 -1
7302 544 0
7315 544 -1
7328 544 -1
7342 544 0
7355 544 -1
7368 544 0
7380 544 -1
7394 544 0
7407 544 -2
7420 544 0
7432 544 0
7445 544 0
7457 544 0
7470 544 -1
7484 544 0
7496 544 0
7508 544 0
7521 544 0
7534 900 -1
7547 910 -1
7560 920 0
7575 930 -1
7588 940 0
7601 950 1
7614 960 0
7629 970 3
7643 980 7
7656 990 8
7669 1000 9
7682 1010 12
7699 1020 14
7713 1030 16
7727 1040 18
7743 1050 21
7757 1060 22
7771 1070 24
7786 1080 23
7801 1090 28
7815 1100 29
7830 1110 31
7846 1120 34
7860 1130 36
7876 1140 37
7890 1150 40
7905 1160 42
7919 1170 11
7934 1180 45
7949 1190 46
7963 1200 49
7977 1210 51
7992 1220 53
8007 1230 55
8021 1240 57
8036 1250 57
8051 1260 58
8066 1270 62
8081 1280 63
8095 1290 65
8109 1300 68
8124 1310 70
8140 1320 72
8155 1330 74
8170 1340 76
8184 1350 65
8199 1360 80
8214 1370 81
8228 1380 83
8242 1390 85
8257 1400 86
8272 1410 89
8286 1420 79
8301 1430 92
8315 1440 83
8331 1450 95
8345 1460 96
8359 1470 99
8374 1480 99
8388 1490 102
8404 1500 103
8420 1510 102
8435 1520 107
8450 1530 108
8467 1540 110
8482 1550 112
8496 1560 114
8512 1570 114
8527 1580 116
8544 1590 118
8559 1600 121
8574 1610 122
8590 1620 124
8606 1630 127
8621 1640 129
8637 1650 131
8652 1660 132
8668 1670 134
8684 1680 136
8699 1690 137
8715 1700 140
8731 1710 142
8746 1720 144
8762 1730 146
8777 1740 148
8792 1750 149
8809 1760 151
8824 1770 153
8839 1780 155
8855 1790 157
8871 1800 159
8887 1810 161
8902 1820 163
8917 1830 164
8934 1840 166
8949 1850 167
8964 1860 169
8980 1870 172
8996 1880 174
9011 1890 175
9027 1900 178
9042 1910 179
9058 1920 180
9074 1930 182
9089 1940 184
9104 1950 186
9119 1960 187
9135 1970 189
9151 1980 190
9166 1990 193
9181 2000 193
9197 2010 196
9212 2020 197
9228 2030 198
9242 2040 200
9257 2050 202
9274 2060 203
9289 2070 203
9304 2080 207
9320 2090 202
9336 2100 210
9351 2100 212
9367 2090 213
9382 2080 215
9399 2070 215
9414 2060 216
9429 2050 211
9445 2040 215
9460 2030 215
9476 2020 213
9492 2010 210
9506 2000 209
9521 1990 206
9538 1980 205
9553 1970 203
9569 1960 201
9584 1950 200
9599 1940 199
9615 1930 198
9630 1920 196
9644 1910 194
9660 1900 193
9676 1890 191
9691 1880 190
9706 1870 187
9721 1860 186
9737 1850 185
9753 1840 182
9768 1830 181
9784 1820 179
9800 1810 179
9814 1800 176
9830 1790 173
9845 1780 172
9861 1770 156
9877 1760 169
9892 1750 166
9907 1740 164
9923 1730 160
9939 1720 161
9955 1710 159
9970 1700 156
9985 1690 155
10002 1680 148
10018 1670 151
10034 1660 149
10051 1650 145
10067 1640 144
10084 1630 143
10100 1620 140
10116 1610 138
10134 1600 136
10150 1590 135
10166 1580 134
10181 1570 131
10198 1560 128
10215 1550 127
10231 1540 125
10246 1530 123
10264 1520 116
10280 1510 119
10297 1500 118
10313 1490 116
10330 1480 114
10347 1470 112
10363 1460 108
10380 1450 107
10397 1440 105
10413 1430 104
10430 1420 103
10446 1410 101
10464 1400 100
10480 1390 99
10495 1380 98
10511 1370 95
10527 1360 94
10542 1350 93
10558 1340 90
10573 1330 90
10588 1320 87
10606 1310 85
10621 1300 83
10638 1290 82
10653 1280 80
10669 1270 79
10685 1260 77
10700 1250 75
10716 1240 73
10733 1230 72
10748 1220 69
10764 1210 68
10779 1200 65
10795 1190 63
10811 1180 62
10826 1170 60
10841 1160 59
10857 1150 57
10873 1140 54
10888 1130 53
10904 1120 51
10919 1110 49
10938 1100 47
10953 1090 45
10968 1080 43
10985 1070 41
11001 1060 40
11017 1050 38
11033 1040 36
11048 1030 33
11066 1020 31
11081 1010 30
11096 1000 28
11112 990 24
11127 980 24
11141 970 22
11156 960 20
11170 950 18
11184 940 16
11200 930 14
11214 920 13
11228 910 11
11245 900 10
11260 890 7
11277 880 6
11290 870 4
11303 860 3
11316 850 2
11331 840 2
11344 830 1
11357 820 1
11371 810 -1
11385 800 0
11403 790 0
11416 780 0
11429 770 0
11442 760 0
11456 750 0
11470 740 -1
11484 730 -1
11499 720 0
11512 710 0
11526 700 -1
11541 690 0
11554 680 -1
11568 670 0
11582 660 -1
11597 650 0
11610 640 -1
11625 630 -1
11639 620 0
11652 610 0
11667 600 -1
11681 590 0
11694 580 0
11708 570 -1