0 900 -108
14 900 -109
27 900 -108
40 900 -108
54 900 -108
67 900 -108
81 900 -108
94 900 -108
108 900 -108
122 900 -108
136 900 -108
152 900 -108
166 900 -108
180 900 -108
195 900 -108
210 900 -109
225 900 -108
239 900 -108
253 900 -108
268 900 -109
283 900 -108
297 900 -109
312 900 -108
326 900 -108
341 900 -108
356 900 -108
370 900 -108
384 900 -109
399 900 -108
414 900 -108
428 900 -107
443 900 -109
457 900 -108
472 900 -108
487 900 -108
501 900 -108
515 900 -108
530 900 -109
545 900 -108
559 900 -108
574 900 -108
588 900 -108
602 900 -108
618 900 -108
632 900 -108
646 900 -109
661 900 -108
676 900 -108
690 900 -108
705 900 -108
719 900 -107
733 900 -108
749 900 -108
763 900 -108
777 900 -108
792 900 -108
807 900 -108
822 900 -108
836 900 -108
850 900 -108
865 900 -108
880 900 -107
894 900 -108
909 900 -108
923 900 -108
938 900 -108
953 900 -108
967 900 -108
981 900 -107
996 900 -108
1011 2100 -108
1027 2100 -207
1044 2100 -188
1060 2100 -129
1078 2100 -127
1094 2100 -132
1110 2100 -125
1127 2100 -119
1144 2100 -111
1160 2100 -98
1176 2100 -92
1191 2100 -68
1208 2100 -77
1223 2100 -64
1238 2100 -56
1254 2100 -51
1270 2100 -41
1285 2100 -33
1301 2100 -27
1316 2100 -16
1331 2100 -1
1347 2100 -4
1361 2100 20
1376 2100 11
1390 2100 15
1405 2100 25
1420 2100 31
1434 2100 34
1448 2100 47
1463 2100 56
1478 2100 60
1492 2100 72
1507 2100 85
1521 2100 93
1536 2100 100
1552 2100 2
1565 2100 7
1578 2100 108
1594 2100 108
1610 2100 109
1625 2100 109
1641 2100 109
1656 2100 109
1672 2100 109
1688 2100 109
1703 2100 109
1719 2100 109
1734 2100 109
1750 2100 109
1766 2100 109
1781 2100 109
1796 2100 109
1813 2100 109
1828 2100 109
1843 2100 109
1859 2100 109
1875 2100 109
1891 2100 109
1906 2100 109
1921 2100 109
1938 2100 110
1953 2100 109
1968 2100 109
1984 2100 109
1999 2100 109
2016 2100 110
2031 2100 109
2046 2100 109
2062 2100 109
2078 2100 109
2093 2100 109
2109 2100 109
2124 2100 110
2140 2100 109
2156 2100 109
2171 2100 109
2187 2100 109
2203 2100 109
2218 2100 109
2234 2100 109
2249 2100 109
2264 2100 109
2281 2100 109
2296 2100 109
2311 2100 109
2327 2100 110
2343 2100 109
2359 2100 109
2374 2100 110
2389 2100 109
2406 2100 109
2421 2100 109
2436 2100 109
2452 2100 109
2468 2100 109
2483 2100 109
2499 2100 108
2514 2100 109
2530 2100 109
2546 2100 109
2561 2100 109
2577 2100 109
2592 2100 109
2608 2100 109
2624 2100 109
2639 2100 109
2654 2100 109
2671 2100 109
2686 2100 109
2702 2100 109
2717 2100 109
2732 2100 109
2749 2100 109
2764 2100 109
2779 2100 109
2795 2100 110
2811 2100 109
2827 2100 109
2842 2100 109
2857 2100 109
2874 2100 110
2889 2100 109
2904 2100 109
2920 2100 109
2936 2100 109
2951 2100 109
2967 2100 109
2982 2100 109
2998 2100 109
3014 2100 109
3029 2100 109
3045 2100 109
3060 2100 109
3076 2100 109
3092 2100 109
3107 2100 109
3122 2100 109
3139 2100 109
3154 2100 109
3170 2100 109
3185 2100 108
3201 2100 109
3217 2100 110
3232 2100 109
3247 2100 109
3263 2100 110
3279 2100 109
3294 2100 109
3310 2100 109
3325 2100 109
3342 2100 109
3357 2100 109
3372 2100 109
3388 2100 109
3404 2100 109
3419 2100 109
3435 2100 109
3450 2100 109
3467 2100 109
3482 2100 109
3497 2100 109
3513 2100 109
3528 2100 109
3544 2100 109
3560 2100 109
3575 2100 109
3590 2100 109
3607 2100 109
3622 2100 109
3638 2100 109
3653 2100 109
3669 2100 109
3685 2100 109
3700 2100 109
3715 2100 109
3731 2100 109
3747 2100 109
3762 2100 109
3778 2100 109
3793 2100 109
3810 2100 109
3825 2100 109
3840 2100 109
3856 2100 109
3872 2100 109
3887 2100 109
3903 2100 109
3918 2100 109
3934 2100 109
3950 2100 109
3965 2100 108
3981 2100 109
3996 2100 109
4012 2100 109
4028 2100 109
4043 2100 109
4058 2100 108
4075 2100 109
4090 2100 109
4105 2100 109
4121 2100 109
4137 2100 109
4153 2100 109
4168 2100 109
4183 2100 109
4200 2100 109
4215 2100 109
4230 2100 109
4246 2100 109
4261 2100 109
4278 2100 108
4293 2100 109
4308 2100 109
4324 2100 109
4340 2100 109
4355 2100 109
4371 2100 109
4386 2100 110
4402 2100 109
4418 2100 109
4433 2100 109
4449 2100 109
4465 2100 109
4480 2100 109
4496 2100 109
4511 2100 109
4526 2100 109
4543 2100 109
4558 2100 110
4573 2100 109
4589 2100 109
4605 2100 108
4621 2100 109
4636 2100 109
4651 2100 109
4668 2100 109
4683 2100 110
4698 2100 109
4714 2100 109
4729 2100 109
4745 2100 110
4761 2100 109
4776 2100 108
4792 2100 109
4808 2100 109
4823 2100 109
4839 2100 109
4854 2100 109
4870 2100 108
4886 2100 109
4901 2100 109
4916 2100 109
4933 2100 109
4948 2100 109
4964 2100 109
4979 2100 109
4994 2100 109
5011 2100 109
5026 2100 109
5041 2100 109
5057 2100 109
5073 2100 109
5089 2100 109
5104 2100 109
5119 2100 109
5136 2100 109
5151 2100 109
5166 2100 109
5182 2100 109
5198 2100 109
5213 2100 109
5229 2100 109
5244 2100 109
5260 2100 110
5276 2100 109
5291 2100 109
5307 2100 109
5322 2100 109
5338 2100 109
5354 2100 109
5369 2100 109
5384 2100 109
5401 2100 109
5416 2100 109
5432 2100 109
5447 2100 109
5463 2100 108
5479 2100 109
5494 2100 109
5509 2100 109
5525 2100 109
5541 2100 109
5556 2100 109
5572 2100 109
5587 2100 109
5604 2100 109
5619 2100 108
5634 2100 108
5650 2100 109
5666 2100 109
5681 2100 109
5697 2100 109
5712 2100 109
5728 2100 109
5744 2100 109
5759 2100 109
5775 2100 109
5790 2100 109
5806 2100 109
5822 2100 109
5837 2100 109
5852 2100 109
5869 2100 109
5884 2100 109
5900 2100 109
5915 2100 109
5931 2100 109
5947 2100 109
5962 2100 109
5977 2100 109
5993 2100 109
6009 900 109
6023 900 9
6036 900 21
6049 900 35
6063 900 42
6077 900 46
6090 900 53
6103 900 85
6117 900 57
6131 900 49
6144 900 51
6158 900 45
6171 900 40
6184 900 38
6199 900 34
6212 900 44
6225 900 28
6238 900 19
6252 900 6
6265 900 10
6278 900 -2
6292 900 -9
6305 900 -18
6319 900 -10
6335 900 -32
6349 900 -41
6363 900 -45
6378 900 -53
6392 900 -59
6407 900 -64
6422 900 -63
6436 900 -82
6450 900 -80
6466 900 -95
6480 900 -96
6494 900 -107
6510 900 -94
6524 900 -190
6541 900 -199
6556 900 -106
6571 900 -118
6587 900 -202
6603 900 -107
6618 900 -108
6634 900 -108
6649 900 -108
6665 900 -108
6681 900 -108
6696 900 -108
6712 900 -108
6728 900 -108
6743 900 -108
6759 900 -108
6774 900 -108
6789 900 -108
6806 900 -108
6821 900 -108
6836 900 -108
6852 900 -108
6868 900 -108
6884 900 -108
6899 900 -108
6914 900 -108
6931 900 -108
6946 900 -108
6961 900 -108
6977 900 -108
6992 900 -108
7009 900 -108
7024 900 -108
7039 900 -108
7055 900 -108
7071 900 -108
7086 900 -108
7102 900 -108
7117 900 -108
7133 900 -108
7149 900 -108
7164 900 -108
7180 900 -108
7196 900 -108
7211 900 -108
7227 900 -108
7242 900 -108
7257 900 -108
7274 900 -108
7289 900 -108
7304 900 -108
7320 900 -108
7336 900 -108
7352 900 -108
7367 900 -108
7382 900 -108
7399 900 -108
7414 900 -108
7429 900 -108
7445 900 -108
7461 900 -108
7476 900 -108
7492 900 -108
7507 900 -108
7523 900 -108
7539 900 -108
7554 900 -108
7570 900 -108
7585 900 -108
7601 900 -108
7617 900 -108
7632 900 -108
7648 900 -108
7664 900 -109
7679 900 -108
7695 900 -108
7710 900 -108
7726 900 -108
7742 900 -108
7757 900 -108
7772 900 -108
7788 900 -108
7804 900 -108
7820 900 -108
7835 900 -108
7850 900 -108
7867 900 -108
7882 900 -108
7897 900 -109
7913 900 -108
7929 900 -108
7944 900 -108
7960 900 -108
7975 900 -108
7991 900 -109
8007 900 -108
8022 900 -108
8038 900 -108
8053 900 -108
8069 900 -108
8085 900 -108
8100 900 -108
8115 900 -108
8132 900 -108
8147 900 -108
8163 900 -108
8178 900 -109
8194 900 -108
8210 900 -108
8225 900 -108
8240 900 -108
8256 900 -108
8272 900 -108
8288 900 -108
8303 900 -108
8318 900 -108
8335 900 -108
8350 900 -108
8365 900 -108
8381 900 -108
8397 900 -108
8412 900 -108
8428 900 -108
8443 900 -108
8460 900 -108
8475 900 -108
8490 900 -108
8506 900 -108
8521 900 -108
8537 900 -108
8553 900 -108
8568 900 -108
8583 900 -108
8600 900 -108
8615 900 -108
8631 900 -108
8646 900 -108
8662 900 -108
8678 900 -108
8693 900 -108
8708 900 -108
8725 900 -108
8740 900 -108
8755 900 -108
8771 900 -108
8786 900 -108
8803 900 -108
8818 900 -108
8833 900 -107
8849 900 -108
8865 900 -108
8880 900 -108
8896 900 -108
8911 900 -108
8928 900 -108
8943 900 -108
8958 900 -108
8974 900 -108
8989 900 -108
9005 900 -108
9021 900 -108
9036 900 -108
9051 900 -107
9068 900 -108
9083 900 -108
9099 900 -108
9114 900 -108
9130 900 -109
9146 900 -108
9161 900 -108
9176 900 -108
9193 900 -108
9208 900 -108
9223 900 -108
9239 900 -108
9254 900 -108
9271 900 -108
9286 900 -108
9301 900 -108
9317 900 -108
9333 900 -108
9348 900 -108
9364 900 -108
9379 900 -108
9395 900 -108
9411 900 -108
9426 900 -108
9442 900 -108
9458 900 -108
9473 900 -108
9489 900 -108
9504 900 -108
9519 900 -108
9536 900 -108
9551 900 -108
9566 900 -108
9582 900 -108
9598 900 -108
9614 900 -109
9629 900 -108
9644 900 -108
9661 900 -109
9676 900 -108
9691 900 -108
9707 900 -108
9723 900 -108
9739 900 -108
9754 900 -108
9769 900 -108
9785 900 -108
9801 900 -108
9816 900 -108
9832 900 -107
9847 900 -108
9863 900 -108
9879 900 -108
9894 900 -108
9910 900 -108
9926 900 -108
9941 900 -108
9957 900 -108
9972 900 -108
9987 900 -108
10004 900 -108