5 900 66
16 900 88
27 900 -4
38 900 -6
49 900 32
61 900 -5
73 900 59
84 900 18
96 900 73
107 900 29
119 900 34
131 900 51
145 900 38
157 900 36
169 900 37
182 900 33
194 900 41
207 900 28
219 900 25
232 900 21
244 900 14
256 900 15
269 900 21
282 900 -2
294 900 -7
306 900 -8
319 900 -17
332 900 -26
346 900 -30
360 900 -35
373 900 -47
386 900 -49
400 900 -59
414 900 -49
427 900 -61
441 900 -77
454 900 -81
467 900 -88
482 900 -94
495 900 -97
508 2100 -86
523 2100 -190
539 2100 -211
554 2100 -195
570 2100 -198
585 2100 -188
600 2100 -158
617 2100 -142
632 2100 -135
647 2100 -120
663 2100 -110
679 2100 -77
694 2100 -91
708 2100 -85
722 2100 -70
738 2100 -69
752 2100 -58
766 2100 -55
781 2100 -41
795 2100 -37
810 2100 -31
825 2100 -26
839 2100 -4
852 2100 -3
866 2100 1
879 2100 8
891 2100 24
904 2100 22
918 2100 19
931 2100 27
945 2100 34
959 2100 39
972 2100 46
985 2100 51
999 2100 66
1013 900 68
1026 900 -16
1041 900 -13
1055 900 -12
1070 900 -8
1084 900 5
1096 900 18
1109 900 26
1123 900 29
1137 900 62
1150 900 46
1164 900 31
1177 900 31
1190 900 26
1204 900 23
1218 900 23
1231 900 20
1244 900 27
1258 900 15
1272 900 -2
1285 900 -10
1300 900 -17
1314 900 -20
1328 900 -32
1344 900 -26
1358 900 -41
1372 900 -54
1387 900 -61
1401 900 -65
1416 900 -73
1431 900 -79
1445 900 -75
1459 900 -91
1475 900 -82
1489 900 -95
1504 2100 -88
1519 2100 -194
1536 2100 -191
1553 2100 -197
1569 2100 -198
1585 2100 -122
1603 2100 -144
1619 2100 -145
1636 2100 -126
1652 2100 -119
1669 2100 -107
1686 2100 -99
1701 2100 -88
1716 2100 -73
1732 2100 -78
1748 2100 -63
1764 2100 -59
1779 2100 -45
1794 2100 -25
1811 2100 -34
1826 2100 -29
1841 2100 -16
1857 2100 -4
1872 2100 -4
1886 2100 19
1901 2100 8
1914 2100 13
1928 2100 35
1944 2100 32
1958 2100 51
1972 2100 37
1987 2100 46
2002 900 55
2016 900 59
2029 900 -16
2043 900 28
2056 900 -22
2072 900 -9
2085 900 5
2097 900 10
2111 900 24
2124 900 26
2138 900 27
2152 900 56
2165 900 36
2178 900 29
2192 900 24
2206 900 18
2219 900 19
2233 900 11
2246 900 5
2258 900 0
2272 900 -1
2285 900 -13
2299 900 -4
2312 900 -24
2327 900 -33
2342 900 -27
2356 900 -46
2371 900 -50
2385 900 -62
2400 900 -68
2415 900 -71
2429 900 -80
2444 900 -78
2458 900 -91
2473 900 -79
2488 900 -105
2503 2100 -105
2519 2100 -198
2537 2100 -196
2553 2100 -198
2569 2100 -203
2586 2100 -186
2603 2100 -161
2620 2100 -147
2636 2100 -135
2652 2100 -95
2669 2100 -109
2685 2100 -102
2702 2100 -89
2717 2100 -84
2732 2100 -79
2749 2100 -64
2764 2100 -45
2779 2100 -50
2795 2100 -46
2811 2100 -35
2827 2100 -28
2842 2100 -21
2857 2100 -15
2874 2100 -4
2888 2100 -5
2902 2100 5
2916 2100 9
2929 2100 19
2944 2100 28
2959 2100 32
2973 2100 54
2987 2100 41
3003 900 55
3016 900 -35
3030 900 -21
3045 900 86
3058 900 -1
3072 900 -15
3087 900 2
3099 900 13
3112 900 19
3126 900 22
3140 900 27
3153 900 24
3166 900 40
3180 900 23
3193 900 19
3207 900 17
3221 900 16
3234 900 10
3247 900 3
3260 900 -5
3274 900 -12
3288 900 -15
3303 900 -23
3317 900 -22
3331 900 -38
3347 900 -46
3361 900 -51
3375 900 -61
3390 900 -63
3405 900 -70
3419 900 -73
3434 900 -86
3448 900 -73
3462 900 -97
3478 900 -103
3493 900 -109
3508 2100 -94
3524 2100 -207
3541 2100 -205
3558 2100 -205
3574 2100 -195
3590 2100 -174
3608 2100 -156
3624 2100 -148
3641 2100 -132
3657 2100 -118
3674 2100 -83
3690 2100 -100
3706 2100 -87
3721 2100 -82
3738 2100 -77
3753 2100 -60
3769 2100 -60
3784 2100 -50
3800 2100 -48
3816 2100 -33
3831 2100 -12
3846 2100 -24
3862 2100 -19
3878 2100 -1
3892 2100 4
3906 2100 8
3919 2100 23
3934 2100 23
3949 2100 43
3963 2100 37
3977 2100 37
3992 2100 49
4007 900 54
4020 900 -26
4035 900 -21
4049 900 -18
4064 900 -19
4079 900 5
4091 900 6
4103 900 15
4117 900 21
4130 900 29
4144 900 30
4158 900 27
4171 900 28
4184 900 37
4199 900 23
4212 900 17
4225 900 12
4239 900 5
4251 900 -1
4265 900 -9
4279 900 -17
4293 900 -10
4307 900 -28
4322 900 -35
4337 900 -42
4351 900 -47
4366 900 -54
4380 900 -60
4394 900 -59
4410 900 -71
4424 900 -64
4438 900 -86
4453 900 -87
4468 900 -90
4482 900 -87
4497 900 -94
4511 2100 -97
4526 2100 -197
4544 2100 -200
4560 2100 -207
4577 2100 -194
4593 2100 -173
4610 2100 -162
4627 2100 -137
4643 2100 -97
4658 2100 -116
4676 2100 -108
4692 2100 -74
4708 2100 -90
4723 2100 -86
4739 2100 -73
4755 2100 -57
4770 2100 -56
4785 2100 -54
4802 2100 -41
4817 2100 -32
4833 2100 -26
4848 2100 -18
4864 2100 -17
4880 2100 0
4893 2100 3
4906 2100 8
4920 2100 15
4935 2100 27
4949 2100 30
4964 2100 47
4978 2100 37
4992 2100 63
5008 900 50
5021 900 -24
5035 900 56
5049 900 -28
5064 900 -18
5078 900 57
5092 900 20
5105 900 26
5118 900 23
5133 900 23
5146 900 32
5159 900 27
5172 900 28
5186 900 45
5200 900 25
5213 900 13
5227 900 11
5240 900 3
5252 900 1
5266 900 -1
5279 900 -17
5293 900 -23
5308 900 -23
5322 900 -40
5337 900 -29
5352 900 -50
5366 900 -59
5380 900 -66
5395 900 -71
5410 900 -79
5424 900 -86
5439 900 -77
5453 900 -97
5468 900 -103
5484 900 -89
5498 900 -94
5512 2100 -197
5530 2100 -196
5546 2100 -201
5563 2100 -205
5579 2100 -184
5596 2100 -121
5613 2100 -133
5629 2100 -130
5646 2100 -122
5663 2100 -110
5679 2100 -100
5696 2100 -95
5711 2100 -91
5726 2100 -68
5743 2100 -74
5758 2100 -59
5774 2100 -56
5789 2100 -42
5805 2100 -24
5821 2100 -32
5836 2100 -21
5851 2100 -18
5868 2100 3
5881 2100 2
5894 2100 4
5908 2100 11
5922 2100 21
5937 2100 26
5952 2100 34
5966 2100 34
5980 2100 39
5996 2100 49
6010 900 57
6023 900 -21
6038 900 78
6051 900 -17
6066 900 -15
6081 900 -5
6094 900 7
6106 900 24
6120 900 25
6134 900 27
6147 900 29
6161 900 28
6174 900 27
6187 900 22
6202 900 36
6215 900 29
6228 900 15
6242 900 7
6254 900 4
6267 900 14
6280 900 -4
6294 900 -16
6308 900 -23
6322 900 -24
6338 900 -36
6352 900 -29
6366 900 -49
6381 900 -59
6396 900 -64
6411 900 -71
6425 900 -77
6439 900 -87
6454 900 -83
6469 900 -98
6483 900 -86
6498 900 -103
6513 2100 -94
6529 2100 -192
6546 2100 -148
6562 2100 -194
6578 2100 -199
6596 2100 -165
6612 2100 -158
6629 2100 -141
6645 2100 -129
6662 2100 -113
6679 2100 -108
6695 2100 -95
6711 2100 -88
6726 2100 -74
6742 2100 -65
6758 2100 -68
6773 2100 -53
6788 2100 -54
6805 2100 -43
6820 2100 -19
6835 2100 -28
6851 2100 -20
6867 2100 -6
6882 2100 -6
6896 2100 5
6909 2100 9
6923 2100 10
6938 2100 41
6952 2100 27
6967 2100 36
6981 2100 49
6996 2100 51
7011 900 59
7024 900 -23
7038 900 -18
7053 900 -16
7068 900 -13
7082 900 1
7095 900 64
7108 900 33
7121 900 26
7136 900 26
7149 900 26
7162 900 28
7175 900 24
7189 900 23
7203 900 41
7216 900 30
7230 900 14
7243 900 7
7255 900 4
7269 900 13
7282 900 -1
7295 900 -15
7310 900 -25
7324 900 -21
7339 900 -41
7354 900 -47
7368 900 -49
7382 900 -60
7398 900 -67
7412 900 -72
7426 900 -76
7441 900 -86
7455 900 -76
7470 900 -99
7485 900 -86
7499 900 -116
7514 2100 -96
7531 2100 -193
7547 2100 -89
7563 2100 -205
7579 2100 -194
7596 2100 -173
7613 2100 -112
7629 2100 -124