5 900 0
16 900 0
26 900 -1
37 900 0
47 900 0
58 900 0
68 900 -1
80 900 0
90 900 0
101 900 0
112 900 0
123 900 0
134 900 -1
148 900 0
159 900 0
170 900 0
182 900 0
193 900 1
204 900 -1
217 900 -1
230 900 0
241 900 0
252 900 0
263 900 0
275 900 1
287 900 0
298 900 0
310 900 0
321 900 0
332 900 0
344 900 0
356 900 0
367 900 0
378 900 0
389 900 0
401 900 0
413 900 1
424 900 0
435 900 0
447 900 0
458 900 0
469 900 0
482 900 0
493 900 0
504 900 0
515 900 0
527 900 0
538 900 0
550 900 -1
562 900 0
574 900 0
585 900 0
596 900 0
608 900 0
620 900 1
631 900 0
642 900 0
654 900 0
665 900 0
677 900 0
688 900 0
700 900 0
711 900 0
722 900 0
733 900 0
746 900 0
757 900 1
768 900 0
780 900 0
791 900 0
802 900 0
814 900 0
826 900 1
837 900 0
848 900 0
859 900 0
871 900 0
883 900 0
894 900 1
905 900 -1
918 900 0
929 900 0
940 900 0
953 900 0
964 900 0
975 900 0
986 900 -1
999 900 0
1011 2100 0
1024 2100 0
1040 2100 0
1055 2100 0
1070 2100 0
1087 2100 0
1102 2100 0
1117 2100 0
1133 2100 0
1148 2100 0
1161 2100 0
1175 2100 6
1188 2100 20
1202 2100 48
1218 2100 32
1232 2100 35
1246 2100 41
1261 2100 54
1276 2100 63
1291 2100 62
1305 2100 70
1319 2100 79
1334 2100 92
1349 2100 93
1363 2100 115
1379 2100 105
1394 2100 110
1410 2100 118
1426 2100 134
1441 2100 124
1456 2100 132
1472 2100 143
1488 2100 152
1504 2100 178
1519 2100 160
1534 2100 162
1551 2100 198
1566 2100 206
1581 2100 205
1597 2100 218
1613 2100 218
1628 2100 216
1644 2100 217
1659 2100 218
1676 2100 218
1691 2100 218
1706 2100 217
1722 2100 218
1737 2100 218
1753 2100 218
1769 2100 218
1784 2100 218
1799 2100 218
1816 2100 218
1831 2100 218
1847 2100 218
1862 2100 218
1878 2100 218
1894 2100 218
1909 2100 217
1924 2100 218
1941 2100 218
1956 2100 218
1971 2100 218
1987 2100 218
2002 2100 218
2019 2100 218
2034 2100 218
2049 2100 218
2065 2100 218
2081 2100 217
2096 2100 218
2112 2100 218
2127 2100 218
2144 2100 217
2159 2100 218
2174 2100 218
2190 2100 218
2205 2100 218
2221 2100 218
2237 2100 218
2252 2100 217
2267 2100 218
2284 2100 218
2299 2100 218
2315 2100 218
2330 2100 219
2346 2100 218
2362 2100 218
2377 2100 218
2392 2100 219
2409 2100 218
2424 2100 218